datapath     port   rx-pkts rx-bytes rx-error rx_dropped tx-pkts tx-bytes tx-error tx_dropped port-speed(b/s) current-capacity(Kbps)  port-stat   link-stat
00000001        1      224    21952        0        0      216    21168        0        0     3371             1000000                      up          up
00000001        2      186    18228        0        0      202    19796        0        0     2988             1000000                      up          up
00000001        3      131    12838        0        0      149    14602        0        0     2179             1000000                      up          up
00000002        1      110    10780        0        0      108    10584        0        0     1236             1000000                      up          up
00000002        2      108    10584        0        0      131    12838        0        0     1815             1000000                      up          up
00000002        3      108    10584        0        0      131    12838        0        0     1815             1000000                      up          up
00000002        4      216    21168        0        0      224    21952        0        0     3372             1000000                      up          up
00000003        1       40     3920        0        0       40     3920        0        0      231             1000000                      up          up
00000003        2       40     3920        0        0       65     6370        0        0      400             1000000                      up          up
00000003        3       40     3920        0        0       65     6370        0        0      675             1000000                      up          up
00000003        4      108    10584        0        0      110    10780        0        0     1236             1000000                      up          up
00000004        1       40     3920        0        0       65     6370        0        0      675             1000000                      up          up
00000004        2       40     3920        0        0       86     8428        0        0      862             1000000                      up          up
00000004        3       40     3920        0        0       86     8428        0        0      862             1000000                      up          up
00000004        4      131    12838        0        0      108    10584        0        0     1814             1000000                      up          up
00000005        1       40     3920        0        0       65     6370        0        0      675             1000000                      up          up
00000005        2       40     3920        0        0       83     8134        0        0      834             1000000                      up          up
00000005        3       40     3920        0        0       83     8134        0        0      834             1000000                      up          up
00000005        4      131    12838        0        0      108    10584        0        0     1812             1000000                      up          up
00000006        1      108    10584        0        0      131    12838        0        0     1813             1000000                      up          up
00000006        2      105    10290        0        0      136    13328        0        0     1831             1000000                      up          up
00000006        3       45     4410        0        0       77     7546        0        0      782             1000000                      up          up
00000006        4      202    19796        0        0      186    18228        0        0     2987             1000000                      up          up
00000007        1       40     3920        0        0       65     6370        0        0      675             1000000                      up          up
00000007        2       40     3920        0        0       80     7840        0        0      809             1000000                      up          up
00000007        3       40     3920        0        0       80     7840        0        0      809             1000000                      up          up
00000007        4      131    12838        0        0      108    10584        0        0     1814             1000000                      up          up
00000008        1       40     3920        0        0       74     7252        0        0      756             1000000                      up          up
00000008        2       40     3920        0        0       86     8428        0        0      862             1000000                      up          up
00000008        3       37     3626        0        0       82     8036        0        0      800             1000000                      up          up
00000008        4      136    13328        0        0      105    10290        0        0     1832             1000000                      up          up
00000009        1       15     1470        0        0       49     4802        0        0      311             1000000                      up          up
00000009        2       15     1470        0        0       49     4802        0        0      311             1000000                      up          up
00000009        3       15     1470        0        0       49     4802        0        0      329             1000000                      up          up
00000009        4       77     7546        0        0       45     4410        0        0      782             1000000                      up          up
0000000a        1       45     4410        0        0       68     6664        0        0      747             1000000                      up          up
0000000a        2       44     4312        0        0       68     6664        0        0      738             1000000                      up          up
0000000a        3       42     4116        0        0       65     6370        0        0      693             1000000                      up          up
0000000a        4      149    14602        0        0      131    12838        0        0     2179             1000000                      up          up
0000000b        1       15     1470        0        0       40     3920        0        0      249             1000000                      up          up
0000000b        2       15     1470        0        0       40     3920        0        0      249             1000000                      up          up
0000000b        3       15     1470        0        0       40     3920        0        0      249             1000000                      up          up
0000000b        4       68     6664        0        0       45     4410        0        0      747             1000000                      up          up
0000000c        1       15     1470        0        0       40     3920        0        0      249             1000000                      up          up
0000000c        2       15     1470        0        0       40     3920        0        0      249             1000000                      up          up
0000000c        3       15     1470        0        0       40     3920        0        0      249             1000000                      up          up
0000000c        4       68     6664        0        0       44     4312        0        0      738             1000000                      up          up
0000000d        1       14     1372        0        0       39     3822        0        0      231             1000000                      up          up
0000000d        2       14     1372        0        0       39     3822        0        0      231             1000000                      up          up
0000000d        3       14     1372        0        0       39     3822        0        0      231             1000000                      up          up
0000000d        4       65     6370        0        0       42     4116        0        0      693             1000000                      up          up


